task_id,assert_statement,result
CPP_147,assert (get_matrix_triples(5) == 1);,fail to read
CPP_147,assert (get_matrix_triples(6) == 4);,fail to read
CPP_147,assert (get_matrix_triples(10) == 36);,fail to read
CPP_147,assert (get_matrix_triples(100) == 53361);,fail to read
