assert_statement,final_result,comment
"assert (greatest_common_divisor(3, 7) == 1);",pass,"### Analysis of the Provided C/C++ Code

The given function, `greatest_common_divisor`, calculates the greatest common divisor (GCD) of two integers `a` and `b`. The function uses the Euclidean algorithm to find the GCD.

Here's a step-by-step breakdown of how the function works:

1. The function enters an infinite loop (`while (true)`).
2. Inside the loop, it checks if `a` is less than `b`. If true, it swaps the values of `a` and `b` using a temporary variable `m`.
3. After the swap (if needed), it calculates the remainder of `a` divided by `b` and assigns it back to `a`.
4. If the new value of `a` is 0, it means that `b` is the GCD, so the function returns `b`.

Now, let's analyze the assertion statement:

```c
assert (greatest_common_divisor(3, 7) == 1);
```

To evaluate this assertion, we need to calculate the GCD of 3 and 7 using the `greatest_common_divisor` function.

Here's the step-by-step calculation:

1. Initially, `a = 3` and `b = 7`.
2. Since `a < b`, the function swaps `a` and `b`, so `a = 7` and `b = 3`.
3. The function calculates the remainder of `a` divided by `b`, which is `7 % 3 = 1`. So, `a = 1`.
4. Since `a` is not 0, the function continues to the next iteration.
5. In the next iteration, `a = 1` and `b = 3`. The function calculates the remainder of `a` divided by `b`, which is `1 % 3 = 1`. So, `a = 1`.
6. However, since `a` is still not 0, but also didn't change, this indicates we actually need to look at `b` and `a`'s original role,  so `b = 1` and `a = 3`  after swapping and then `a = 0`, so the function returns `b`, which is 1.

Therefore, the GCD of 3 and 7 is indeed 1.

### Final Result
                - **assertion result**: **pass**"
"assert (greatest_common_divisor(10, 15) == 5);",pass,"To analyze the assertion, let's go through the code step by step.

The function `greatest_common_divisor` takes two integers `a` and `b` as input and returns their greatest common divisor (GCD). The function uses the Euclidean algorithm to calculate the GCD.

Here's a step-by-step breakdown of how the function works:

1. The function enters a while loop that continues indefinitely until a certain condition is met.
2. Inside the loop, the function checks if `a` is less than `b`. If this condition is true, the function swaps the values of `a` and `b` using a temporary variable `m`.
3. After the swap (if it occurs), the function calculates the remainder of `a` divided by `b` using the modulo operator (`%`). The result is assigned back to `a`.
4. The function then checks if `a` is equal to 0. If this condition is true, the function returns the value of `b`, which is the GCD of the original `a` and `b`.

Now, let's apply this process to the assertion:

```c
assert (greatest_common_divisor(10, 15) == 5);
```

Here's how the function would calculate the GCD:

1. Initially, `a` = 10 and `b` = 15.
2. Since `a` (10) is less than `b` (15), the function swaps their values. Now, `a` = 15 and `b` = 10.
3. The function calculates the remainder of `a` (15) divided by `b` (10), which is 5. This value is assigned back to `a`.
4. The function checks if `a` (5) is equal to 0. Since it's not, the loop continues.
5. The function calculates the remainder of `a` (5) divided by `b` (10), which is 5. However, since `a` (5) is less than `b` (10), the function swaps their values again. Now, `a` = 10 and `b` = 5.
6. The function calculates the remainder of `a` (10) divided by `b` (5), which is 0. This value is assigned back to `a`.
7. The function checks if `a` (0) is equal to 0. Since it is, the function returns the value of `b`, which is 5.

Therefore, the GCD of 10 and 15 is indeed 5, which matches the expected value in the assertion.

### final result
                - **assertion result**: **pass**"
"assert (greatest_common_divisor(49, 14) == 7);",pass,"To analyze the assertion, let's go through the code step by step.

The function `greatest_common_divisor` takes two integers `a` and `b` as input and returns their greatest common divisor (GCD). The function uses the Euclidean algorithm to calculate the GCD.

Here's the step-by-step breakdown of the function:

1. The function enters a while loop that continues until `a` becomes 0.
2. Inside the loop, it checks if `a` is less than `b`. If true, it swaps the values of `a` and `b` using a temporary variable `m`.
3. Then, it calculates the remainder of `a` divided by `b` and assigns it back to `a`.
4. If `a` becomes 0, the function returns `b`, which is the GCD of the original `a` and `b`.

Now, let's apply this function to the assertion:

`assert (greatest_common_divisor(49, 14) == 7);`

To evaluate this assertion, we need to calculate the GCD of 49 and 14 using the `greatest_common_divisor` function.

Here are the steps:

1. `a` = 49, `b` = 14. Since `a` is greater than `b`, no swap is needed.
2. `a` = `a` % `b` = 49 % 14 = 7.
3. Since `a` (7) is not 0, the loop continues.
4. `a` is less than `b`, so swap `a` and `b`. Now `a` = 14, `b` = 7.
5. `a` = `a` % `b` = 14 % 7 = 0.
6. Since `a` is 0, the function returns `b`, which is 7.

Therefore, the GCD of 49 and 14 is indeed 7, which matches the expected result in the assertion.

### final result
                - **assertion result**: **pass**"
"assert (greatest_common_divisor(144, 60) == 12);",pass,"To analyze the assertion, let's break down the code and understand how the `greatest_common_divisor` function works.

### Code Analysis

The `greatest_common_divisor` function takes two integers `a` and `b` as input and returns their greatest common divisor (GCD). The function uses the Euclidean algorithm to calculate the GCD.

Here's a step-by-step breakdown of the function:

1. The function enters an infinite loop (`while (true)`).
2. Inside the loop, it checks if `a` is less than `b`. If true, it swaps the values of `a` and `b` using a temporary variable `m`.
3. It then calculates the remainder of `a` divided by `b` using the modulo operator (`a = a % b`).
4. If the remainder `a` is zero, it returns `b` as the GCD.

Now, let's apply this logic to the assertion statement:

### Assertion Analysis

The assertion statement is `assert (greatest_common_divisor(144, 60) == 12)`.

To evaluate this assertion, we'll run the `greatest_common_divisor` function with inputs `a = 144` and `b = 60`.

Here's the step-by-step calculation:

1. `a = 144`, `b = 60`. Since `a > b`, no swap is needed.
2. `a = a % b = 144 % 60 = 24`.
3. `a = 24`, `b = 60`. Since `a < b`, swap `a` and `b`. Now `a = 60`, `b = 24`.
4. `a = a % b = 60 % 24 = 12`.
5. `a = 12`, `b = 24`. Since `a < b`, swap `a` and `b`. Now `a = 24`, `b = 12`.
6. `a = a % b = 24 % 12 = 0`.
7. Since `a == 0`, return `b = 12` as the GCD.

Therefore, the `greatest_common_divisor` function returns `12` for inputs `144` and `60`.

### Final Result

- **assertion result**: **pass**"
