assert_statement,final_result,comment
"assert (is_palindrome("""") == true);",pass,"### thinking process
1. the `is_palindrome` function takes a string as input and checks if it is a palindrome.
2. it creates a new string `pr` by reversing the input string `text`.
3. it then compares the reversed string `pr` with the original string `text` and returns true if they are equal, indicating that the input string is a palindrome.

### assertion results
- **assertion result**: **pass**"
"assert (is_palindrome(""aba"") == true);",pass,"### thinking process
1. the `is_palindrome` function takes a string as input and checks if it is a palindrome.
2. it creates a new string `pr` by reversing the input string `text`.
3. it then compares the reversed string `pr` with the original string `text` and returns true if they are equal, indicating that the input string is a palindrome.

### assertion results
- **assertion result**: **pass**"
"assert (is_palindrome(""aaaaa"") == true);",pass,"### thinking process
1. the `is_palindrome` function takes a string as input and checks if it is a palindrome.
2. it creates a new string `pr` by reversing the input string `text`.
3. it then compares the reversed string `pr` with the original string `text` and returns true if they are equal, indicating that the input string is a palindrome.

### assertion results
- **assertion result**: **pass**"
"assert (is_palindrome(""zbcd"") == false);",fail,"### thinking process
1. the `is_palindrome` function takes a string as input and checks if it is a palindrome.
2. it creates a new string `pr` by reversing the input string `text`.
3. it then compares the reversed string `pr` with the original string `text` and returns true if they are equal, indicating that the input string is a palindrome.

### assertion result
- **assertion result**: **fail**"
"assert (is_palindrome(""xywyx"") == true);",pass,"### thinking process
1. the `is_palindrome` function takes a string as input and checks if it is a palindrome.
2. it creates a new string `pr` by reversing the input string `text`.
3. it then compares the reversed string `pr` with the original string `text` and returns true if they are equal, indicating that the input string is a palindrome.

### assertion result
- **assertion result**: **pass**"
"assert (is_palindrome(""xywyz"") == false);",fail,"### thinking process
1. the `is_palindrome` function takes a string as input and checks if it is a palindrome.
2. it creates a new string `pr` by reversing the input string `text`.
3. it then compares the reversed string `pr` with the original string `text` and returns true if they are equal, indicating that the input string is a palindrome.
4. if they are not equal, it returns false.

### assertion result
- **assertion result**: **fail**"
"assert (is_palindrome(""xywzx"") == false);",fail,"### thinking process
1. the `is_palindrome` function takes a string as input and checks if it is a palindrome.
2. it creates a new string `pr` by reversing the input string `text`.
3. it then compares the reversed string `pr` with the original string `text` and returns true if they are equal, indicating that the input string is a palindrome.

### assertion results
- **assertion result**: **fail**"
